30,1
30,3
0,363
0,362
0,361
0,360
0,359
0,358
0,357
0,356
0,355
0,354
0,353
0,352
0,351
0,350
0,349
29,1
29,3
0,348
58,52
58,51
58,50
58,49
58,48
58,47
58,46
58,45
58,44
58,43
58,42
58,41
58,40
58,39
58,38
58,37
58,36
33,4
0,347
0,346
0,345
61,4
0,344
0,343
0,342
0,341
0,340
0,339
0,338
0,337
0,336
0,335
0,334
63,7
63,6
59,4
0,333
0,332
0,331
14,5
14,4
14,2
14,0
0,330
0,329
0,328
63,5
63,4
63,3
63,2
0,327
0,326
63,1
63,0
0,278
0,325
0,324
0,323
0,322
0,321
0,320
0,319
0,318
0,243
0,273
0,270
62,4
62,3
62,2
62,1
62,0
61,3
61,2
61,1
61,0
