30,1
30,3
0,419
0,418
0,417
0,416
0,415
0,414
0,273
0,270
79,4
79,3
79,2
0,413
0,412
79,1
79,0
0,411
0,243
0,410
0,409
0,408
0,407
0,406
0,405
0,404
0,403
0,402
0,401
0,400
0,399
0,398
0,397
0,396
0,395
0,394
78,3
78,2
0,393
0,392
0,391
78,1
78,0
0,390
0,389
0,388
0,387
0,386
0,385
0,384
14,5
14,4
14,2
14,0
0,383
0,382
0,381
0,380
0,379
0,378
0,377
0,376
0,375
0,374
0,373
77,4
77,3
77,2
0,372
77,1
77,0
0,371
0,370
0,369
0,368
0,367
0,366
0,365
0,364
0,363
0,362
0,361
0,360
0,359
0,358
0,357
0,356
0,355
76,3
76,2
76,1
76,0
0,354
0,322
75,4
75,3
75,2
75,1
75,0
74,5
74,4
74,3
74,2
74,1
74,0
0,278
73,4
73,3
73,2
73,1
73,0
